结果是：[3.04827754 3.34011333 3.99094604 3.35697486 3.79546657]
结果是：[2.94039252 3.22099377 3.88246656 3.24835934 3.68723923]
结果是：[2.82795586 3.08423239 3.72772498 3.09493598 3.56372596]
结果是：[2.76119478 3.02287402 3.68506426 3.01866089 3.5066674 ]
结果是：[2.69682475 2.87681411 3.59337984 2.90274292 3.36698756]
结果是：[2.63151363 2.86791119 3.56920477 2.8664439  3.35914707]
结果是：[2.61107819 2.85293138 3.51437278 2.80006445 3.30996627]
结果是：[2.54976798 2.81506519 3.49439278 2.83769711 3.32283861]
结果是：[2.49261636 2.75930136 3.39880511 2.75152115 3.22425161]
结果是：[2.4318576  2.69180965 3.37536606 2.66065294 3.15959035]
结果是：[2.40925292 2.67066515 3.36587115 2.65669591 3.1504132 ]
结果是：[2.3939906  2.68104528 3.33495015 2.65950856 3.14436189]
结果是：[2.34102827 2.65013085 3.26739765 2.62657695 3.12039626]
结果是：[2.33067721 2.59404372 3.26017039 2.56256687 3.0575497 ]
结果是：[2.29528851 2.59010013 3.25426777 2.54485235 3.03531724]
结果是：[2.27475348 2.54018804 3.24346113 2.53359931 3.03271065]
结果是：[2.24910292 2.57930526 3.16837576 2.53735789 3.03407473]
结果是：[2.2024427  2.50120616 3.15935066 2.49092887 3.00012303]
结果是：[2.20236191 2.46437693 3.12782497 2.47457585 2.93924573]
结果是：[2.17430197 2.46824158 3.13110299 2.44502869 2.96170775]
结果是：[2.15287276 2.43114755 3.08886629 2.40162532 2.89753472]
结果是：[2.14124332 2.38420837 3.06953741 2.40399668 2.90407458]
结果是：[2.10778953 2.44452396 3.03383279 2.39489162 2.80077618]
结果是：[2.09624564 2.39106896 3.05424935 2.35404698 2.86344799]
结果是：[2.09587693 2.34991101 3.03897646 2.35329656 2.80017307]
结果是：[3.04827754 3.34011333 3.99094604 3.35697486 3.79546657]
结果是：[2.94039252 3.22099377 3.88246656 3.24835934 3.68723923]
结果是：[2.82795586 3.08423239 3.72772498 3.09493598 3.56372596]
结果是：[2.76119478 3.02287402 3.68506426 3.01866089 3.5066674 ]
结果是：[2.69682475 2.87681411 3.59337984 2.90274292 3.36698756]
结果是：[2.63151363 2.86791119 3.56920477 2.8664439  3.35914707]
结果是：[2.61107819 2.85293138 3.51437278 2.80006445 3.30996627]
结果是：[2.54976798 2.81506519 3.49439278 2.83769711 3.32283861]
结果是：[2.49261636 2.75930136 3.39880511 2.75152115 3.22425161]
结果是：[2.4318576  2.69180965 3.37536606 2.66065294 3.15959035]
结果是：[2.40925292 2.67066515 3.36587115 2.65669591 3.1504132 ]
结果是：[2.3939906  2.68104528 3.33495015 2.65950856 3.14436189]
结果是：[2.34102827 2.65013085 3.26739765 2.62657695 3.12039626]
结果是：[2.33067721 2.59404372 3.26017039 2.56256687 3.0575497 ]
结果是：[2.29528851 2.59010013 3.25426777 2.54485235 3.03531724]
结果是：[2.27475348 2.54018804 3.24346113 2.53359931 3.03271065]
结果是：[2.24910292 2.57930526 3.16837576 2.53735789 3.03407473]
结果是：[2.2024427  2.50120616 3.15935066 2.49092887 3.00012303]
结果是：[2.20236191 2.46437693 3.12782497 2.47457585 2.93924573]
结果是：[2.17430197 2.46824158 3.13110299 2.44502869 2.96170775]
结果是：[2.15287276 2.43114755 3.08886629 2.40162532 2.89753472]
结果是：[2.14124332 2.38420837 3.06953741 2.40399668 2.90407458]
结果是：[2.10778953 2.44452396 3.03383279 2.39489162 2.80077618]
结果是：[2.09624564 2.39106896 3.05424935 2.35404698 2.86344799]
结果是：[2.09587693 2.34991101 3.03897646 2.35329656 2.80017307]
结果是：[3.04827754 3.34011333 3.99094604 3.35697486 3.79546657]
结果是：[2.94039252 3.22099377 3.88246656 3.24835934 3.68723923]
结果是：[2.82795586 3.08423239 3.72772498 3.09493598 3.56372596]
结果是：[2.76119478 3.02287402 3.68506426 3.01866089 3.5066674 ]
结果是：[2.69682475 2.87681411 3.59337984 2.90274292 3.36698756]
结果是：[2.63151363 2.86791119 3.56920477 2.8664439  3.35914707]
结果是：[2.61107819 2.85293138 3.51437278 2.80006445 3.30996627]
结果是：[2.54976798 2.81506519 3.49439278 2.83769711 3.32283861]
结果是：[2.49261636 2.75930136 3.39880511 2.75152115 3.22425161]
结果是：[2.4318576  2.69180965 3.37536606 2.66065294 3.15959035]
结果是：[2.40925292 2.67066515 3.36587115 2.65669591 3.1504132 ]
结果是：[2.3939906  2.68104528 3.33495015 2.65950856 3.14436189]
结果是：[2.34102827 2.65013085 3.26739765 2.62657695 3.12039626]
结果是：[2.33067721 2.59404372 3.26017039 2.56256687 3.0575497 ]
结果是：[2.29528851 2.59010013 3.25426777 2.54485235 3.03531724]
结果是：[2.27475348 2.54018804 3.24346113 2.53359931 3.03271065]
结果是：[2.24910292 2.57930526 3.16837576 2.53735789 3.03407473]
结果是：[2.2024427  2.50120616 3.15935066 2.49092887 3.00012303]
结果是：[2.20236191 2.46437693 3.12782497 2.47457585 2.93924573]
结果是：[2.17430197 2.46824158 3.13110299 2.44502869 2.96170775]
结果是：[2.15287276 2.43114755 3.08886629 2.40162532 2.89753472]
结果是：[2.14124332 2.38420837 3.06953741 2.40399668 2.90407458]
结果是：[2.10778953 2.44452396 3.03383279 2.39489162 2.80077618]
结果是：[2.09624564 2.39106896 3.05424935 2.35404698 2.86344799]
结果是：[2.09587693 2.34991101 3.03897646 2.35329656 2.80017307]
结果是：[3.04827754 3.34011333 3.99094604 3.35697486 3.79546657]
结果是：[2.94039252 3.22099377 3.88246656 3.24835934 3.68723923]
结果是：[2.82795586 3.08423239 3.72772498 3.09493598 3.56372596]
结果是：[2.76119478 3.02287402 3.68506426 3.01866089 3.5066674 ]
结果是：[2.69682475 2.87681411 3.59337984 2.90274292 3.36698756]
结果是：[2.63151363 2.86791119 3.56920477 2.8664439  3.35914707]
结果是：[2.61107819 2.85293138 3.51437278 2.80006445 3.30996627]
结果是：[2.54976798 2.81506519 3.49439278 2.83769711 3.32283861]
结果是：[2.49261636 2.75930136 3.39880511 2.75152115 3.22425161]
结果是：[2.4318576  2.69180965 3.37536606 2.66065294 3.15959035]
结果是：[2.40925292 2.67066515 3.36587115 2.65669591 3.1504132 ]
结果是：[2.3939906  2.68104528 3.33495015 2.65950856 3.14436189]
结果是：[2.34102827 2.65013085 3.26739765 2.62657695 3.12039626]
结果是：[2.33067721 2.59404372 3.26017039 2.56256687 3.0575497 ]
结果是：[2.29528851 2.59010013 3.25426777 2.54485235 3.03531724]
结果是：[2.27475348 2.54018804 3.24346113 2.53359931 3.03271065]
结果是：[2.24910292 2.57930526 3.16837576 2.53735789 3.03407473]
结果是：[2.2024427  2.50120616 3.15935066 2.49092887 3.00012303]
结果是：[2.20236191 2.46437693 3.12782497 2.47457585 2.93924573]
结果是：[2.17430197 2.46824158 3.13110299 2.44502869 2.96170775]
结果是：[2.15287276 2.43114755 3.08886629 2.40162532 2.89753472]
结果是：[2.14124332 2.38420837 3.06953741 2.40399668 2.90407458]
结果是：[2.10778953 2.44452396 3.03383279 2.39489162 2.80077618]
结果是：[2.09624564 2.39106896 3.05424935 2.35404698 2.86344799]
结果是：[2.09587693 2.34991101 3.03897646 2.35329656 2.80017307]
结果是：[3.04827754 3.34011333 3.99094604 3.35697486 3.79546657]
结果是：[2.94039252 3.22099377 3.88246656 3.24835934 3.68723923]
结果是：[2.82795586 3.08423239 3.72772498 3.09493598 3.56372596]
结果是：[2.76119478 3.02287402 3.68506426 3.01866089 3.5066674 ]
结果是：[2.69682475 2.87681411 3.59337984 2.90274292 3.36698756]
结果是：[2.63151363 2.86791119 3.56920477 2.8664439  3.35914707]
结果是：[2.61107819 2.85293138 3.51437278 2.80006445 3.30996627]
结果是：[2.54976798 2.81506519 3.49439278 2.83769711 3.32283861]
结果是：[2.49261636 2.75930136 3.39880511 2.75152115 3.22425161]
结果是：[2.4318576  2.69180965 3.37536606 2.66065294 3.15959035]
结果是：[2.40925292 2.67066515 3.36587115 2.65669591 3.1504132 ]
结果是：[2.3939906  2.68104528 3.33495015 2.65950856 3.14436189]
结果是：[2.34102827 2.65013085 3.26739765 2.62657695 3.12039626]
结果是：[2.33067721 2.59404372 3.26017039 2.56256687 3.0575497 ]
结果是：[2.29528851 2.59010013 3.25426777 2.54485235 3.03531724]
结果是：[2.27475348 2.54018804 3.24346113 2.53359931 3.03271065]
结果是：[2.24910292 2.57930526 3.16837576 2.53735789 3.03407473]
结果是：[2.2024427  2.50120616 3.15935066 2.49092887 3.00012303]
结果是：[2.20236191 2.46437693 3.12782497 2.47457585 2.93924573]
结果是：[2.17430197 2.46824158 3.13110299 2.44502869 2.96170775]
结果是：[2.15287276 2.43114755 3.08886629 2.40162532 2.89753472]
结果是：[2.14124332 2.38420837 3.06953741 2.40399668 2.90407458]
结果是：[2.10778953 2.44452396 3.03383279 2.39489162 2.80077618]
结果是：[2.09624564 2.39106896 3.05424935 2.35404698 2.86344799]
结果是：[2.09587693 2.34991101 3.03897646 2.35329656 2.80017307]
结果是：[3.04827754 3.34011333 3.99094604 3.35697486 3.79546657]
结果是：[2.94039252 3.22099377 3.88246656 3.24835934 3.68723923]
结果是：[2.82795586 3.08423239 3.72772498 3.09493598 3.56372596]
结果是：[2.76119478 3.02287402 3.68506426 3.01866089 3.5066674 ]
结果是：[2.69682475 2.87681411 3.59337984 2.90274292 3.36698756]
结果是：[2.63151363 2.86791119 3.56920477 2.8664439  3.35914707]
结果是：[2.61107819 2.85293138 3.51437278 2.80006445 3.30996627]
结果是：[2.54976798 2.81506519 3.49439278 2.83769711 3.32283861]
结果是：[2.49261636 2.75930136 3.39880511 2.75152115 3.22425161]
结果是：[2.4318576  2.69180965 3.37536606 2.66065294 3.15959035]
结果是：[2.40925292 2.67066515 3.36587115 2.65669591 3.1504132 ]
结果是：[2.3939906  2.68104528 3.33495015 2.65950856 3.14436189]
结果是：[2.34102827 2.65013085 3.26739765 2.62657695 3.12039626]
结果是：[2.33067721 2.59404372 3.26017039 2.56256687 3.0575497 ]
结果是：[2.29528851 2.59010013 3.25426777 2.54485235 3.03531724]
结果是：[2.27475348 2.54018804 3.24346113 2.53359931 3.03271065]
结果是：[2.24910292 2.57930526 3.16837576 2.53735789 3.03407473]
结果是：[2.2024427  2.50120616 3.15935066 2.49092887 3.00012303]
结果是：[2.20236191 2.46437693 3.12782497 2.47457585 2.93924573]
结果是：[2.17430197 2.46824158 3.13110299 2.44502869 2.96170775]
结果是：[2.15287276 2.43114755 3.08886629 2.40162532 2.89753472]
结果是：[2.14124332 2.38420837 3.06953741 2.40399668 2.90407458]
结果是：[2.10778953 2.44452396 3.03383279 2.39489162 2.80077618]
结果是：[2.09624564 2.39106896 3.05424935 2.35404698 2.86344799]
结果是：[2.09587693 2.34991101 3.03897646 2.35329656 2.80017307]
结果是：[3.04827754 3.34011333 3.99094604 3.35697486 3.79546657]
结果是：[2.94039252 3.22099377 3.88246656 3.24835934 3.68723923]
结果是：[2.82795586 3.08423239 3.72772498 3.09493598 3.56372596]
结果是：[2.76119478 3.02287402 3.68506426 3.01866089 3.5066674 ]
结果是：[2.69682475 2.87681411 3.59337984 2.90274292 3.36698756]
结果是：[2.63151363 2.86791119 3.56920477 2.8664439  3.35914707]
结果是：[2.61107819 2.85293138 3.51437278 2.80006445 3.30996627]
结果是：[2.54976798 2.81506519 3.49439278 2.83769711 3.32283861]
结果是：[2.49261636 2.75930136 3.39880511 2.75152115 3.22425161]
结果是：[2.4318576  2.69180965 3.37536606 2.66065294 3.15959035]
结果是：[2.40925292 2.67066515 3.36587115 2.65669591 3.1504132 ]
结果是：[2.3939906  2.68104528 3.33495015 2.65950856 3.14436189]
结果是：[2.34102827 2.65013085 3.26739765 2.62657695 3.12039626]
结果是：[2.33067721 2.59404372 3.26017039 2.56256687 3.0575497 ]
结果是：[2.29528851 2.59010013 3.25426777 2.54485235 3.03531724]
结果是：[2.27475348 2.54018804 3.24346113 2.53359931 3.03271065]
结果是：[2.24910292 2.57930526 3.16837576 2.53735789 3.03407473]
结果是：[2.2024427  2.50120616 3.15935066 2.49092887 3.00012303]
结果是：[2.20236191 2.46437693 3.12782497 2.47457585 2.93924573]
结果是：[2.17430197 2.46824158 3.13110299 2.44502869 2.96170775]
结果是：[2.15287276 2.43114755 3.08886629 2.40162532 2.89753472]
结果是：[2.14124332 2.38420837 3.06953741 2.40399668 2.90407458]
结果是：[2.10778953 2.44452396 3.03383279 2.39489162 2.80077618]
结果是：[2.09624564 2.39106896 3.05424935 2.35404698 2.86344799]
结果是：[2.09587693 2.34991101 3.03897646 2.35329656 2.80017307]
结果是：[3.04827754 3.34011333 3.99094604 3.35697486 3.79546657]
结果是：[2.94039252 3.22099377 3.88246656 3.24835934 3.68723923]
结果是：[2.82795586 3.08423239 3.72772498 3.09493598 3.56372596]
结果是：[2.76119478 3.02287402 3.68506426 3.01866089 3.5066674 ]
结果是：[2.69682475 2.87681411 3.59337984 2.90274292 3.36698756]
结果是：[2.63151363 2.86791119 3.56920477 2.8664439  3.35914707]
结果是：[2.61107819 2.85293138 3.51437278 2.80006445 3.30996627]
结果是：[2.54976798 2.81506519 3.49439278 2.83769711 3.32283861]
结果是：[2.49261636 2.75930136 3.39880511 2.75152115 3.22425161]
结果是：[2.4318576  2.69180965 3.37536606 2.66065294 3.15959035]
结果是：[2.40925292 2.67066515 3.36587115 2.65669591 3.1504132 ]
结果是：[2.3939906  2.68104528 3.33495015 2.65950856 3.14436189]
结果是：[2.34102827 2.65013085 3.26739765 2.62657695 3.12039626]
结果是：[2.33067721 2.59404372 3.26017039 2.56256687 3.0575497 ]
结果是：[2.29528851 2.59010013 3.25426777 2.54485235 3.03531724]
结果是：[2.27475348 2.54018804 3.24346113 2.53359931 3.03271065]
结果是：[2.24910292 2.57930526 3.16837576 2.53735789 3.03407473]
结果是：[2.2024427  2.50120616 3.15935066 2.49092887 3.00012303]
结果是：[2.20236191 2.46437693 3.12782497 2.47457585 2.93924573]
结果是：[2.17430197 2.46824158 3.13110299 2.44502869 2.96170775]
结果是：[2.15287276 2.43114755 3.08886629 2.40162532 2.89753472]
结果是：[2.14124332 2.38420837 3.06953741 2.40399668 2.90407458]
结果是：[2.10778953 2.44452396 3.03383279 2.39489162 2.80077618]
结果是：[2.09624564 2.39106896 3.05424935 2.35404698 2.86344799]
结果是：[2.09587693 2.34991101 3.03897646 2.35329656 2.80017307]
结果是：[3.04827754 3.34011333 3.99094604 3.35697486 3.79546657]
结果是：[2.94039252 3.22099377 3.88246656 3.24835934 3.68723923]
结果是：[2.82795586 3.08423239 3.72772498 3.09493598 3.56372596]
结果是：[2.76119478 3.02287402 3.68506426 3.01866089 3.5066674 ]
结果是：[2.69682475 2.87681411 3.59337984 2.90274292 3.36698756]
结果是：[2.63151363 2.86791119 3.56920477 2.8664439  3.35914707]
结果是：[2.61107819 2.85293138 3.51437278 2.80006445 3.30996627]
结果是：[2.54976798 2.81506519 3.49439278 2.83769711 3.32283861]
结果是：[2.49261636 2.75930136 3.39880511 2.75152115 3.22425161]
结果是：[2.4318576  2.69180965 3.37536606 2.66065294 3.15959035]
结果是：[2.40925292 2.67066515 3.36587115 2.65669591 3.1504132 ]
结果是：[2.3939906  2.68104528 3.33495015 2.65950856 3.14436189]
结果是：[2.34102827 2.65013085 3.26739765 2.62657695 3.12039626]
结果是：[2.33067721 2.59404372 3.26017039 2.56256687 3.0575497 ]
结果是：[2.29528851 2.59010013 3.25426777 2.54485235 3.03531724]
结果是：[2.27475348 2.54018804 3.24346113 2.53359931 3.03271065]
结果是：[2.24910292 2.57930526 3.16837576 2.53735789 3.03407473]
结果是：[2.2024427  2.50120616 3.15935066 2.49092887 3.00012303]
结果是：[2.20236191 2.46437693 3.12782497 2.47457585 2.93924573]
结果是：[2.17430197 2.46824158 3.13110299 2.44502869 2.96170775]
结果是：[2.15287276 2.43114755 3.08886629 2.40162532 2.89753472]
结果是：[2.14124332 2.38420837 3.06953741 2.40399668 2.90407458]
结果是：[2.10778953 2.44452396 3.03383279 2.39489162 2.80077618]
结果是：[2.09624564 2.39106896 3.05424935 2.35404698 2.86344799]
结果是：[2.09587693 2.34991101 3.03897646 2.35329656 2.80017307]
结果是：[3.04827754 3.34011333 3.99094604 3.35697486 3.79546657]
结果是：[2.94039252 3.22099377 3.88246656 3.24835934 3.68723923]
结果是：[2.82795586 3.08423239 3.72772498 3.09493598 3.56372596]
结果是：[2.76119478 3.02287402 3.68506426 3.01866089 3.5066674 ]
结果是：[2.69682475 2.87681411 3.59337984 2.90274292 3.36698756]
结果是：[2.63151363 2.86791119 3.56920477 2.8664439  3.35914707]
结果是：[2.61107819 2.85293138 3.51437278 2.80006445 3.30996627]
结果是：[2.54976798 2.81506519 3.49439278 2.83769711 3.32283861]
结果是：[2.49261636 2.75930136 3.39880511 2.75152115 3.22425161]
结果是：[2.4318576  2.69180965 3.37536606 2.66065294 3.15959035]
结果是：[2.40925292 2.67066515 3.36587115 2.65669591 3.1504132 ]
结果是：[2.3939906  2.68104528 3.33495015 2.65950856 3.14436189]
结果是：[2.34102827 2.65013085 3.26739765 2.62657695 3.12039626]
结果是：[2.33067721 2.59404372 3.26017039 2.56256687 3.0575497 ]
结果是：[2.29528851 2.59010013 3.25426777 2.54485235 3.03531724]
结果是：[2.27475348 2.54018804 3.24346113 2.53359931 3.03271065]
结果是：[2.24910292 2.57930526 3.16837576 2.53735789 3.03407473]
结果是：[2.2024427  2.50120616 3.15935066 2.49092887 3.00012303]
结果是：[2.20236191 2.46437693 3.12782497 2.47457585 2.93924573]
结果是：[2.17430197 2.46824158 3.13110299 2.44502869 2.96170775]
结果是：[2.15287276 2.43114755 3.08886629 2.40162532 2.89753472]
结果是：[2.14124332 2.38420837 3.06953741 2.40399668 2.90407458]
结果是：[2.10778953 2.44452396 3.03383279 2.39489162 2.80077618]
结果是：[2.09624564 2.39106896 3.05424935 2.35404698 2.86344799]
结果是：[2.09587693 2.34991101 3.03897646 2.35329656 2.80017307]
